768
768

929
929

1007	too
1007	slow
1009	too
1009	slow
1017	too
1017	slow
1032	too
1032	slow

Catatan Train:
Data broken yang sudah ok
Aircraft	O
Attitude	O
mode	O

1851
1852
1853
1854
1855
1856
1857
1858
1860
1861
1862
1863
1866
1869
1875
1876
1877



Raising
49
58
67
71
78
86
90
93
100
111
166
195
210
332
345
1185
1189
1196

returning
96
97
103
104
113
175
185
292
306
904
908
1101
1102
1116
1147
1175
1211
1248
1354
1373

Lowering
52
61
69
81
88
98
105
114
171
338
541
1187
1199


732	Strong	O
732	Remote	B-COMPONENT
732	Controller	I-COMPONENT
732	Interference	B-ISSUE
732	.	O


738	Strong	O


754	screen	O
21
23
754
766
857
901
902
1097
1098
1113
1114
1128
1156
1202
1242
1246
1247
1260
1340
1351
1352
1353
1370
1371
1372
1393


1237	position	O Rectifying aircraft position

5038b87dfe6fc58e7b1bbf9a7a6659552ac3c910

